{
   "pwcnet.ckpt-1000": 17.060543060302734,
   "pwcnet.ckpt-2000": 13.58635425567627,
   "pwcnet.ckpt-3000": 12.30928897857666,
   "pwcnet.ckpt-4000": 11.527158737182617,
   "pwcnet.ckpt-5000": 11.151312828063965,
   "pwcnet.ckpt-6000": 10.128195762634277,
   "pwcnet.ckpt-7000": 9.120341300964355,
   "pwcnet.ckpt-8000": 8.66545295715332,
   "pwcnet.ckpt-9000": 8.227948188781738,
   "pwcnet.ckpt-10000": 7.84758996963501,
   "pwcnet.ckpt-11000": 7.476040840148926,
   "pwcnet.ckpt-12000": 6.544641017913818,
   "pwcnet.ckpt-13000": 7.278735160827637,
   "pwcnet.ckpt-14000": 6.811444282531738,
   "pwcnet.ckpt-15000": 6.34345817565918,
   "pwcnet.ckpt-16000": 6.003391265869141,
   "pwcnet.ckpt-17000": 6.048419952392578,
   "pwcnet.ckpt-18000": 6.066454887390137,
   "pwcnet.ckpt-19000": 5.708355903625488,
   "pwcnet.ckpt-20000": 5.691704273223877,
   "pwcnet.ckpt-21000": 5.450362682342529,
   "pwcnet.ckpt-22000": 5.525492191314697,
   "pwcnet.ckpt-23000": 5.663773536682129,
   "pwcnet.ckpt-24000": 5.118102073669434,
   "pwcnet.ckpt-25000": 6.448970794677734,
   "pwcnet.ckpt-26000": 5.5154619216918945,
   "pwcnet.ckpt-27000": 5.70798397064209,
   "pwcnet.ckpt-28000": 5.6115403175354,
   "pwcnet.ckpt-29000": 5.579827308654785,
   "pwcnet.ckpt-30000": 5.492481708526611,
   "pwcnet.ckpt-31000": 5.600491523742676,
   "pwcnet.ckpt-32000": 5.662018775939941,
   "pwcnet.ckpt-33000": 5.380099296569824,
   "pwcnet.ckpt-34000": 4.622872352600098,
   "pwcnet.ckpt-35000": 5.8468523025512695,
   "pwcnet.ckpt-36000": 5.122887134552002,
   "pwcnet.ckpt-37000": 4.651758670806885,
   "pwcnet.ckpt-38000": 5.238919258117676,
   "pwcnet.ckpt-39000": 4.641454219818115,
   "pwcnet.ckpt-40000": 4.476065158843994
}